1 55.5 41
2 31.5 76.5
3 36.5 33.5
4 55 85
5 36 30
6 78.5 60
7 42.5 66
8 24 22.5
9 81.5 45
10 45 20
11 38.5 47.5
12 41 38
13 55 60
14 51.5 57.5
15 31.5 33.5
16 70 32.5
17 56 32.5
18 79.5 42.5
19 76.5 56
20 25 57.5
21 25.5 53.5
22 57 57.5
23 19 66
24 37.5 35
25 48.5 35
26 27.5 51.5
27 40 68
28 38.5 46
29 82.5 46.5
30 53.5 57.5
31 22.5 50.5
32 37.5 42.5
33 43.5 37.5
34 46.5 49.5
35 18.5 80
36 32.5 50.5
37 14 50
38 29 53.5
39 14 60
40 46.5 47.5
41 61.5 65
42 43 32.5
43 55 47.5
44 19 27.5
45 40 69.5
46 41.5 70
47 45 35
48 62.5 50.5
49 78.5 44
50 34 57.5
51 52.5 57.5
52 47.5 15
53 50 35
54 15 47.5
55 27.5 68.5
56 52.5 52.5
57 39 46
58 53.5 31.5
59 47.5 60
60 35 35.5
